009020600900905001001806400008102900700000008006708200002609500800209009005010900
200080900060070084090500209000105408000000000402706000901007040720040060004010009
000000907000420180000705026100904000050000040000507009920108000094059000507000000
090050040008010500460000012070502080000609000040109090250000098001020600080060020
020810740700009100090002805009040087400208009160090200902700060005600008076051090
100920000524010000000000070050008102000000000402700090060000000000090945000071006
049080250600000000000001094900004070000608000010200009820500000000000005094090710
480006902002008001900970060840010200009704100001060049020085007700900600609200018
000900002050129400090000160908000000070000090000000205091000050007499020400007000
001900009900700160090005007050000009004902600200000070600100090042007006500006800
000125400008400000420800000090000095060902010510000060000009049000007200001298000
062940750100005600570000040000094800400000006005890000090000091006400007059089260
900000000005009000200504000020000700160000058704910600000890100000067080000005497
690000000000500008005674000000020000009401020000000945000007004080900902947100080
000020040008095000000070602091046970200000000000501209049000790000000010800004000
961025900080960010400000057008000471000609000259000800740000005020018060005470929
050807020600010090702540006070020901504000908109080070900076205060090009080109040
080005000000009457000070809060400909007010500408007020901020000842900000000100080
009502900000040000106000905900251008070408090800769001908000104000020000005104800
000000000009805100051907420290401065000000000140508099026709580005109600000000000
020090090000907000900208005004806500607000208009102900800605007000909000090020050
005000006070009020000500107804150000000809000000092805907006000090400010200000600
040000050001949600009000900600050002109000506800020007005000200002496700090000040
004000000000090002990700080400009001209801907600200008010008059900040000000000800
960020089000961000000000000809000602400609007607000108000000000000418000970090014
500400060009000800640020000000001008208000501700500000000090084009000600060009002
007256400400000005010090060000508000008060200000107000090070090200000004006912700
000000000079050180800000007007906800450708096009502700700000005016090420000000000
090000080009000500007509200700105008020090090900402001004207100002000800070000090
200170609050000100000006079000040700000801000009050000910400000005000060906097002
000000080800701040040020090974000900000090000005000921010060050050802006080000000
000000085000210009960080100500800016000000000890006007009070052900054000480000000
608070502050608070002000900500090006040902050800050009005000200010704090409060701
050010040107000602000905000208090501040070020901080406000401000904000709020060010
059000790009759400100000002090080010000907000080090070500000009007641200061000940
006080900049070250000405000600917004007000800100826009000702000075040190009090600
005080700700204005920000084060105040008000500070809010450000091600508007009010600
000900800128006400070800060800490007500000009600079008090004010009600284001007000
000080000270000054095000810009806400020409060006905100017000620460000098000090000
000602000400050001085010620098206710000000000019407950026040590900020007000809000
000900002050129400090000160908000000070000090000000205091000050007499020400007000
980000000000400785009020900060090000800902009000040070001070500495006000000000092
000158000002060800090000040027090510000000000046080790050000080004070100000925000
010500200900001000002008090500090007008000500600080004040100700000700006009004050
080000040000469000400000007005904600070608090008502100900000005000781000060000010
904200007010000000000706500000800090020904060040002000001607000000000090900005702
000700800006000091040002000024070000010090080000060290000800070860000500002006000
001007090590080001090000080000005800050060020004100000080000090100020079020700400
000009017015009008060000000100007000009000200000500004000000020500600940940200000
900200000000107000706090500070009080900020004010800050009040901000702000000008006